trait,asv,varLT_m,varLT_m_median,vara_m,vara_m_median,vare_m,vare_m_median,h2asv,h2asv_median,asv_name,lambda_std,family,genus,specie
6,1,0.368,0.302,0.587,0.574,0.295,0.287,0.476,0.473,13f7a1ef880f3b73eeffa18951ffe96f,0.0220074517599682,Streptococcaceae,Streptococcus,gallolyticus
6,2,0.592,0.498,0.655,0.677,0.216,0.175,0.464,0.471,d6eb6ac8ab8ea7a5de3ced31fc51500a,-0.422787601033168,Lactobacillaceae,Lactobacillus,amylovorus
6,3,0.231,0.185,0.452,0.395,0.519,0.54,0.37,0.34,b4ed8ec9d3313b1ae0b929812511444b,-0.283244055058851,Clostridiaceae,Clostridium sensu stricto 1,
6,5,0.148,0.11,0.84,0.861,0.227,0.186,0.69,0.718,c309c5de1bc33d058b30316c97635d5b,0.283651600461813,Lactobacillaceae,HT002,
6,6,0.116,0.084,0.837,0.859,0.241,0.203,0.698,0.726,e94a9da4bdf2d1d6fd8b6216ea53a5ab,-0.501280845643721,Lactobacillaceae,HT002,
6,7,0.13,0.098,0.589,0.548,0.486,0.495,0.478,0.466,9960b20e17a6ebd5bf31b249c3503956,-0.457673487526747,Peptostreptococcaceae,Terrisporobacter,
6,10,0.781,0.679,0.391,0.396,0.124,0.109,0.322,0.316,69991b069fd77e02ef3587ecb15c2bb4,1.12091287630772,Streptococcaceae,Streptococcus,gallolyticus
6,11,0.287,0.236,0.467,0.412,0.503,0.523,0.369,0.341,2dd3d28b8bcefe0b263b3d6caf8b29a6,1.1470772911779,Veillonellaceae,Megasphaera,elsdenii
6,12,0.221,0.18,0.689,0.723,0.299,0.249,0.567,0.605,df3d6113f855e22f2a6d44e60f01baa7,-1.05073355791759,Peptostreptococcaceae,Romboutsia,ilealis
6,14,0.068,0.049,0.823,0.86,0.308,0.252,0.677,0.731,b264ac8ff5f9aff74f0b9aa084d9a9f0,0.458081032929709,Lachnospiraceae,Agathobacter,
6,15,0.084,0.061,0.699,0.697,0.421,0.394,0.567,0.592,d8af28a9ba3b7889d9e6ac64ef59dc39,1.19940612091827,Lachnospiraceae,Agathobacter,
6,16,0.081,0.059,0.733,0.724,0.388,0.37,0.601,0.617,f0f4e79259de6905c570f04a2725dcbc,-0.78908940921575,Lachnospiraceae,Frisingicoccus,
6,18,0.072,0.051,0.596,0.552,0.536,0.541,0.481,0.475,8f6e2a91e20994c00566a5ff2b49506e,0.370866316695761,Lachnospiraceae,Blautia,obeum
6,19,0.096,0.072,0.819,0.842,0.312,0.273,0.659,0.695,c6fdf631c16099e62a83c66db8a7a6f1,0.388309259942551,Ruminococcaceae,Subdoligranulum,
6,21,0.105,0.077,0.701,0.686,0.346,0.338,0.603,0.608,6b59a492cba9a872b448effd1688546e,-1.08561944441117,Lachnospiraceae,Lachnospiraceae XPB1014 group,
6,25,0.21,0.169,0.65,0.637,0.393,0.379,0.515,0.517,048b0a94aafe421fe531a40eeee0950b,0.815661369488897,NA,NA,NA
6,27,0.332,0.278,0.747,0.772,0.278,0.234,0.552,0.573,762c20336116b7b3237d0c9ecadb8759,0.867990199229266,Butyricicoccaceae,,
6,28,0.28,0.226,0.334,0.276,0.527,0.546,0.291,0.254,e0b63fce585e8ed599fe94c102c9e4f5,-0.257079640188666,Lachnospiraceae,Oribacterium,
6,29,0.136,0.104,0.536,0.494,0.509,0.516,0.448,0.432,ca9820c786278b2701d9d0acd9565a55,-0.448952015903352,Lachnospiraceae,,
6,31,0.215,0.172,0.778,0.835,0.322,0.251,0.587,0.638,acaf04f46b920effa278715725f06979,0.519131334293473,Prevotellaceae,Prevotella_9,
6,32,0.662,0.568,0.616,0.644,0.178,0.134,0.44,0.448,deb76f79d627320e86e65279c22da5bb,0.17027246935768,Lactobacillaceae,Lactobacillus,amylovorus
6,33,0.566,0.477,0.445,0.438,0.344,0.333,0.339,0.329,eef556a47f236aa10eccc36fb7f8d469,-1.58274332694468,Peptostreptococcaceae,Terrisporobacter,
6,34,0.061,0.043,0.446,0.38,0.634,0.654,0.378,0.347,ad52bbef279fc1fe7a3ca1c4b1fb9710,0.222601299098049,Erysipelotrichaceae,Holdemanella,
6,35,0.118,0.092,0.879,0.91,0.176,0.122,0.749,0.796,4516aa60a483dd8c7bbc57098c45f1a5,0.737168124878344,Ruminococcaceae,Faecalibacterium,prausnitzii
6,36,0.274,0.219,0.348,0.286,0.553,0.578,0.296,0.254,1f7e7409b782f2f210b92b3eb396b2d0,-0.230915225318482,Erysipelotrichaceae,Solobacterium,
6,37,0.08,0.059,0.813,0.83,0.204,0.167,0.738,0.772,1277f813479333f57806f0ef9498fd31,-1.43447830934697,Lachnospiraceae,Lachnospiraceae AC2044 group,
6,38,0.727,0.63,0.527,0.538,0.132,0.11,0.401,0.401,b050e6fdaadb3f3855a1d7293003f512,0.318537486955392,Lactobacillaceae,Limosilactobacillus,
6,39,0.199,0.154,0.364,0.313,0.621,0.632,0.305,0.276,a69e3019304e15ba686ca5824080bb1a,-0.396623186162983,Lachnospiraceae,Blautia,hansenii
6,40,0.301,0.251,0.623,0.616,0.353,0.334,0.489,0.495,29e1d7cb0e776b057206d57fd329c761,0.833104312735687,Veillonellaceae,Dialister,
6,42,0.054,0.038,0.481,0.417,0.633,0.655,0.399,0.369,edc06e5f20535c71071803ccc27290d8,0.501688391046684,Lachnospiraceae,Dorea,formicigenerans
6,43,0.095,0.07,0.634,0.616,0.521,0.51,0.495,0.505,ad89a9d5fec4408fafb73e7225f44d08,0.588903107280632,Lachnospiraceae,Dorea,
6,44,0.322,0.264,0.465,0.424,0.419,0.43,0.385,0.365,858f0eeb57288e17fd9fe6ffc21d1c46,-0.544888203760695,Clostridiaceae,Clostridium sensu stricto 1,
6,45,0.066,0.046,0.459,0.387,0.66,0.685,0.373,0.34,7793e6c94c77f08fae41afe3b01f1f9d,0.327258958578787,Erysipelotrichaceae,Holdemanella,
6,46,0.224,0.184,0.806,0.82,0.163,0.126,0.68,0.698,7031e251e8fcbbef9b0d850ae63fdb0b,0.431916618059525,Christensenellaceae,Christensenellaceae R-7 group,
6,47,0.31,0.257,0.794,0.854,0.272,0.195,0.579,0.623,4e95c8ca2660a57aba8a7cbb893aa15b,0.711003710008159,Prevotellaceae,Prevotella_9,
6,48,0.385,0.322,0.605,0.594,0.292,0.283,0.477,0.475,8616c8642aeaa59bb1ce0192024201a8,0.100500696370522,NA,NA,NA
6,50,0.19,0.153,0.825,0.848,0.243,0.201,0.656,0.684,8effe6909c611f74f4693508b4890f7c,-1.22516299038549,Lactobacillaceae,HT002,
6,51,0.058,0.04,0.489,0.418,0.676,0.703,0.386,0.354,82e5115a8f1ead595da52c79fe587645,0.937761972216424,Erysipelotrichaceae,Solobacterium,
6,52,0.139,0.103,0.874,0.931,0.264,0.186,0.68,0.738,acd8e9fbf3ac9220d789d9a7950c4fab,0.240044242344839,Prevotellaceae,Prevotella_9,
6,54,0.056,0.039,0.704,0.687,0.416,0.405,0.585,0.597,45d0c99d83e4fd7712d8b70ddc4c8944,1.21684906416506,Lachnospiraceae,Agathobacter,
6,55,0.206,0.163,0.647,0.624,0.398,0.39,0.509,0.511,74e12a8659e93cbea164cd49ae404d9d,0.649953408644395,Lachnospiraceae,Marvinbryantia,
6,56,0.198,0.157,0.416,0.358,0.583,0.606,0.342,0.307,a336c39af80f0c82eaf05735d763d88c,-0.414066129409773,Clostridiaceae,Clostridium sensu stricto 1,
6,58,0.097,0.071,0.645,0.621,0.441,0.43,0.531,0.539,59b4ffe9dde7c21d8b237ec9ba4f2a17,0.885433142476056,Ruminococcaceae,Subdoligranulum,
6,59,0.135,0.104,0.851,0.89,0.228,0.172,0.698,0.742,927948a3ccf40d7671afc0d5334d3eb6,0.397030731565946,Prevotellaceae,Prevotella_9,
6,61,0.123,0.098,0.884,0.914,0.172,0.117,0.748,0.794,734dcd020504800d8042434e28b57298,1.60059381559443,Ruminococcaceae,Faecalibacterium,prausnitzii
6,62,0.208,0.162,0.479,0.43,0.519,0.53,0.393,0.373,a494cef3f037d265dc219cd3582d5208,-0.422787601033168,Oscillospiraceae,UCG-005,
6,63,0.204,0.168,0.717,0.728,0.303,0.27,0.583,0.608,9df251784dde31e05f02b2ee1029d71c,0.91159755734624,Lachnospiraceae,Fusicatenibacter,
6,64,0.209,0.165,0.418,0.344,0.605,0.635,0.332,0.288,3c81266577d1fa34d82d8f5159bc391f,0.937761972216424,Coriobacteriaceae,Collinsella,
6,66,0.057,0.04,0.91,0.942,0.226,0.176,0.756,0.803,62c336937d9c98f93521f014e1f21a63,1.00753374520358,Butyricicoccaceae,Butyricicoccus,
6,68,0.244,0.196,0.621,0.618,0.288,0.277,0.543,0.548,8ca36f04cbf2144296e0feb0fd91ea0d,-0.248358168565271,Lachnospiraceae,Anaerostipes,
6,69,0.167,0.133,0.924,0.948,0.181,0.135,0.726,0.757,d36ace663f090cd44101dc5d6fe5b7e6,0.431916618059525,Anaerovoracaceae,Family XIII AD3011 group,
6,70,0.116,0.086,0.614,0.565,0.505,0.513,0.485,0.476,33702ac2f20c944d2fa15358fb40c02e,0.527852805916868,Lachnospiraceae,Blautia,
6,71,0.192,0.154,0.756,0.789,0.299,0.251,0.602,0.64,0a98cd3a56b5bb8d315a9e379b932916,-0.972240313307041,Ruminococcaceae,Ruminococcus,
6,72,0.402,0.341,0.588,0.594,0.145,0.126,0.531,0.537,6d1901f64fd20467e3b3c30539003212,1.25173495065864,Peptostreptococcaceae,Intestinibacter,
6,73,0.224,0.179,0.664,0.668,0.388,0.365,0.517,0.532,01331825f4a52bf7f98a4db0ce098f53,-0.414066129409773,Lactobacillaceae,HT002,
6,74,0.068,0.048,0.836,0.85,0.305,0.275,0.685,0.714,4e5eb6bd6611d65bbc6522d7e194ab4e,-1.39087095122999,Oscillospiraceae,NK4A214 group,
6,75,0.149,0.116,0.667,0.646,0.42,0.408,0.534,0.542,630432409d4028585bc6ebda8fba676e,0.0481718666301527,Lachnospiraceae,Agathobacter,
6,76,0.091,0.066,0.573,0.534,0.51,0.517,0.474,0.469,c7d1ed6c70202259164edf3ee7806f0c,0.606346050527421,Lachnospiraceae,Blautia,
6,77,0.187,0.143,0.294,0.23,0.76,0.778,0.233,0.191,b4c89f39dbb30151fe26cba821312f6f,-0.780367937592355,Prevotellaceae,Alloprevotella,
6,78,0.224,0.173,0.461,0.418,0.53,0.54,0.378,0.361,3d60ffda9dab190e42b752fcd13ade3f,-0.850139710579514,Erysipelotrichaceae,Catenisphaera,
6,79,0.321,0.259,0.405,0.365,0.529,0.537,0.326,0.305,501c883a1ae0f30e3edc12fd0ac06d2a,-0.797810880839145,Butyricicoccaceae,UCG-008,
6,80,0.143,0.11,0.919,0.962,0.195,0.126,0.73,0.777,17a39cb7fa5ca613bb6ca2103e761946,0.257487185591628,Prevotellaceae,Prevotella_9,
6,81,0.116,0.086,0.8,0.813,0.292,0.26,0.66,0.686,9a481f72a87e2774d15cdde8a870a312,-1.60890774181486,Lactobacillaceae,HT002,
6,82,0.253,0.201,0.304,0.229,0.676,0.705,0.242,0.194,d9bb3ea8df6aa9e66e06316c68ea93b6,-0.178586395578113,Anaerovoracaceae,Mogibacterium,
6,83,0.124,0.096,0.895,0.913,0.171,0.128,0.751,0.783,9a3da67ac619dbb007fa6f5225832fe0,-0.0128784347336111,Christensenellaceae,Christensenellaceae R-7 group,
6,85,0.539,0.45,0.583,0.598,0.278,0.252,0.429,0.432,cff81aa99a2b8fccb8084dd3cdecb8f8,-0.946075898436857,Lactobacillaceae,HT002,
6,86,0.067,0.045,0.755,0.748,0.373,0.355,0.622,0.64,52ba52e30f9d5544bdace0dc6dd18956,1.09474846143753,Lachnospiraceae,[Eubacterium] hallii group,hallii
6,89,0.097,0.074,0.75,0.759,0.231,0.202,0.692,0.715,16af97c9cd594e26b3f7685345fc8cd3,0.763332539748528,Oscillospiraceae,UCG-005,
6,90,0.197,0.156,0.635,0.619,0.401,0.389,0.51,0.512,f0bbb870207e1ee9ff9fa74448ced0fe,-1.3821494796066,Oscillospiraceae,UCG-002,
6,91,0.99,0.85,0.134,0.096,0.401,0.413,0.094,0.066,3ad1de350b50d8168e888361fbc8d3fe,-0.213472282071692,Streptococcaceae,Streptococcus,hyointestinalis
6,93,0.207,0.162,0.494,0.44,0.508,0.527,0.403,0.375,c28b6fa81d5447aee95d589ccfc76875,-0.632102919994643,Peptostreptococcaceae,Terrisporobacter,
6,94,0.118,0.09,0.871,0.892,0.169,0.123,0.751,0.79,22f4ee9a41a4d73580bf7ade8e9e017a,2.07155328325775,Ruminococcaceae,Faecalibacterium,
6,95,0.083,0.059,0.463,0.429,0.616,0.62,0.391,0.377,d946b1c584c2c7a0940f9bc2e5ad9619,-1.27749182012586,Selenomonadaceae,Anaerovibrio,
6,97,0.051,0.036,0.585,0.555,0.501,0.5,0.503,0.501,26f938a71c8f809adfb15fde2b06b14d,-0.972240313307041,Lachnospiraceae,Agathobacter,
6,98,0.128,0.095,0.92,0.95,0.196,0.14,0.738,0.779,de27ea82f312513237f4366fe4121b20,2.08899622650454,Prevotellaceae,Prevotella_9,
6,99,0.135,0.105,0.692,0.68,0.384,0.373,0.563,0.57,0bb47f6e088c63eec1cf288aebc80ab3,-0.117536094214349,Lactobacillaceae,Limosilactobacillus,
6,100,0.13,0.102,0.78,0.791,0.164,0.133,0.727,0.75,34f6a9f2891692941ec6fdb0095c4012,-0.701874692981802,[Eubacterium] coprostanoligenes group,,
6,101,0.163,0.13,0.724,0.723,0.25,0.231,0.635,0.644,84ef3df6e411274d958de7c38db5f9bb,-0.222193753695087,Ruminococcaceae,,
6,102,0.845,0.73,0.278,0.253,0.266,0.271,0.212,0.192,30dceca77717b7add73dc8f768b1602f,1.18196317767148,Streptococcaceae,Streptococcus,gallolyticus
6,103,0.069,0.048,0.523,0.474,0.578,0.591,0.431,0.42,146cc6a75126c90c5897210af7597f9e,0.484245447799894,Lachnospiraceae,Agathobacter,
6,106,0.128,0.098,0.731,0.726,0.254,0.237,0.654,0.664,1945c362b75af5603e9406ee4eafb3d3,0.0743362815003372,[Eubacterium] coprostanoligenes group,,
6,108,0.653,0.58,0.538,0.542,0.069,0.047,0.447,0.447,612cc4352f296132468fbfefb2f88d22,1.33894966689259,Streptococcaceae,Streptococcus,gallolyticus
6,109,0.234,0.192,0.798,0.824,0.194,0.148,0.653,0.683,daca0ca61fb25e1916693672b76f2003,-0.431509072656562,Oscillospiraceae,UCG-005,
6,110,0.143,0.111,0.782,0.799,0.29,0.254,0.638,0.668,4a99d98fcac5c79fba8b44d07de165e8,-0.841418238956119,Oscillospiraceae,UCG-002,
6,111,0.049,0.033,0.87,0.886,0.157,0.12,0.805,0.841,46e924a74447eeb4ab5f05b2b4d05c1c,0.763332539748528,Oscillospiraceae,UCG-002,
6,112,0.723,0.622,0.72,0.723,0.083,0.056,0.495,0.498,5ff61e779a7e9b5d8806eeadb6aa62f5,-2.053702794608,Lactobacillaceae,Lactobacillus,amylovorus
6,115,0.242,0.194,0.466,0.425,0.48,0.484,0.386,0.37,24d88b4835dfccebf9798d65e5600d9a,0.466802504553104,Lachnospiraceae,[Ruminococcus] gauvreauii group,
6,116,0.139,0.106,0.89,0.924,0.207,0.146,0.718,0.762,63331571011d0c5d564b93cf586fd64b,0.850547255982476,Prevotellaceae,Prevotella_9,copri
6,117,0.167,0.128,0.326,0.262,0.687,0.708,0.269,0.229,87d30141626cffbc3fb57e5978f7580d,-0.5361667321373,Lachnospiraceae,Agathobacter,
6,118,0.084,0.059,0.513,0.46,0.554,0.571,0.429,0.413,2a6c6fc8063d71f1981c20df233648a5,-0.283244055058851,Erysipelotrichaceae,,
6,119,0.187,0.147,0.499,0.455,0.539,0.549,0.401,0.384,085fb8aa3b5246e9bde28e6943a75603,-0.5361667321373,Christensenellaceae,Christensenellaceae R-7 group,
6,120,1.209,1.042,0.176,0.176,0.074,0.07,0.138,0.128,493ecbf3d062fff00348fad5e4a2de28,-0.614659976747854,Lactobacillaceae,,
6,121,0.137,0.106,0.46,0.392,0.611,0.639,0.37,0.336,8710b751261b8ed2d39b94b5d4c89617,0.327258958578787,Lachnospiraceae,Oribacterium,
6,122,0.132,0.098,0.573,0.547,0.491,0.493,0.469,0.465,caed4b8ca61755e51be8222f77f44c66,-0.649545863241433,Oscillospiraceae,NK4A214 group,
6,123,0.055,0.041,0.886,0.886,0.078,0.048,0.869,0.896,3c809bf0895415ef03c4682507f51885,-1.05073355791759,Oscillospiraceae,NK4A214 group,
6,124,0.231,0.186,0.348,0.283,0.653,0.675,0.278,0.238,5eeb5711909535fd0e2989d7f933a0b7,-0.126257565837744,Ruminococcaceae,Subdoligranulum,
6,125,0.432,0.362,0.589,0.586,0.258,0.242,0.471,0.47,04caabb7d755fb313cc4f5fefd1adf82,-1.32109917824283,,,
6,127,0.24,0.198,0.781,0.801,0.253,0.214,0.613,0.637,93b58b0ba0d326e9c8d1a81f8672c16a,-0.169864923954718,Lachnospiraceae,[Ruminococcus] torques group,
6,128,0.06,0.041,0.284,0.233,0.722,0.736,0.258,0.227,5e0673bde6e3a4692e3d9328e848137a,-0.0826502077207696,Ruminococcaceae,Incertae Sedis,
6,129,0.202,0.164,0.412,0.371,0.576,0.588,0.343,0.317,cf0c49ef013bb11a398e651d0d0ee8ef,1.28662083715222,Erysipelotrichaceae,Catenisphaera,
6,130,0.119,0.096,0.881,0.895,0.167,0.13,0.754,0.784,e63eb1425d8eb15d70973bfb7a34b9b5,1.90584532241325,Lactobacillaceae,Lactobacillus,delbrueckii
6,131,0.158,0.122,0.908,0.941,0.192,0.133,0.722,0.761,a9fb6c06ed691c214e5470c4826ce39a,0.362144845072366,Prevotellaceae,Prevotella_9,
6,132,0.107,0.076,0.669,0.649,0.475,0.465,0.525,0.533,1f2dda5d2f361fc8d646e55a515ae1e4,0.379587788319156,Oscillospiraceae,UCG-005,
6,134,0.134,0.102,0.338,0.299,0.715,0.72,0.279,0.259,b7662ab8fb301b82bd812ff11012989b,-0.230915225318482,Clostridiaceae,Clostridium sensu stricto 1,
6,136,0.243,0.199,0.593,0.565,0.415,0.409,0.471,0.468,8b8b675e7fd5a1fc61cbf317b104dad0,1.04241963169716,Veillonellaceae,Dialister,
6,137,0.047,0.032,0.861,0.875,0.13,0.09,0.827,0.866,a611e166d5eb5512c4babb3fc83c68c6,-1.36470653635981,Oscillospiraceae,UCG-002,
6,138,0.362,0.293,0.284,0.239,0.668,0.675,0.217,0.188,78bd84e2ede7533f2a47c9b54c50c208,-0.797810880839145,Lachnospiraceae,Agathobacter,
6,139,0.408,0.332,0.447,0.41,0.457,0.467,0.347,0.325,36b249063df383154e6c0258610e7a5a,-1.02456914304741,Oscillospiraceae,UCG-005,
6,140,0.584,0.486,0.26,0.222,0.559,0.568,0.193,0.167,aa95fdfb1c22b16d0c1695e7cc9a6942,-0.579774090254275,Oscillospiraceae,UCG-005,
6,141,0.05,0.035,0.891,0.901,0.134,0.102,0.828,0.857,06c333b6fa9bb0cc1273b913b18a0b75,-2.28046105681626,Oscillospiraceae,NK4A214 group,
6,143,0.047,0.032,0.832,0.859,0.285,0.237,0.705,0.75,a52628ce2ac4f7e3083980262b5318ce,-1.41703536610018,Lachnospiraceae,Lachnospiraceae NK4A136 group,bacterium
6,144,0.128,0.097,0.871,0.915,0.21,0.148,0.718,0.766,0aa7ef8246cbfb3dec010a9145ac5aca,0.0568933382535475,Prevotellaceae,Prevotella_9,
6,147,0.109,0.08,0.792,0.831,0.313,0.254,0.645,0.695,4e47d45b3ec9bddd7d6a968c069cd753,1.24301347903524,Prevotellaceae,Prevotella_9,
6,151,0.281,0.229,0.553,0.537,0.418,0.412,0.437,0.438,a64ac285e3067b805a98834f966e243c,-0.126257565837744,Muribaculaceae,,
6,152,0.079,0.057,0.723,0.728,0.379,0.347,0.602,0.628,501111b4ebcb5ba02163cd82f30df7e5,0.745889596501738,Lachnospiraceae,Roseburia,
6,154,0.142,0.106,0.376,0.297,0.701,0.732,0.301,0.252,6059154b7678b31f6602fb64f78dc791,-1.12050533090475,Prevotellaceae,Alloprevotella,
6,155,0.482,0.409,0.366,0.31,0.433,0.452,0.29,0.253,1266cdbf8dd8fb4c7ebb967a8e59a473,0.205158355851259,Atopobiaceae,Olsenella,
6,156,0.333,0.282,0.643,0.66,0.238,0.207,0.535,0.549,9cdb9dbe98d86651359273ea1c595c84,0.850547255982476,Oscillospiraceae,UCG-002,
6,160,0.175,0.136,0.809,0.822,0.296,0.262,0.628,0.652,5d34f1dd6d0659106fccb6c9f604de6d,-0.448952015903352,Christensenellaceae,Christensenellaceae R-7 group,
6,162,0.266,0.218,0.271,0.212,0.663,0.681,0.223,0.185,3261433280aba6699cf4c037b30b869c,0.719725181631554,Lachnospiraceae,Shuttleworthia,
6,163,0.101,0.078,0.784,0.788,0.239,0.21,0.694,0.718,0e7fb59d0562602f6fbd4b49cdb6b374,-0.5361667321373,Oscillospiraceae,NK4A214 group,
6,164,0.126,0.095,0.884,0.922,0.205,0.144,0.725,0.768,322f78bb415ffb9f539fa583b000b301,0.431916618059525,Prevotellaceae,Prevotella_9,
6,165,0.138,0.105,0.608,0.588,0.447,0.441,0.501,0.505,3df16a3f262721b549882fe5f3c71d08,0.0220074517599682,Lactobacillaceae,Limosilactobacillus,
6,166,0.456,0.383,0.621,0.631,0.198,0.172,0.501,0.502,d96caa7d104ff9e1fb38c3df08272b87,-1.34726359311302,Erysipelotrichaceae,Solobacterium,
6,167,0.248,0.198,0.489,0.449,0.486,0.494,0.398,0.378,92a58ccb062a2ff95c6200e96a0b690c,-1.10306238765796,Lachnospiraceae,Agathobacter,
6,168,0.245,0.198,0.295,0.256,0.625,0.632,0.25,0.228,eb59581e91b3b076b8747517a4b0d262,-0.483837902396931,Lachnospiraceae,Roseburia,
6,169,0.194,0.151,0.231,0.166,0.824,0.842,0.182,0.137,eeba0831e5eea2251576104de2f7b2b2,-0.780367937592355,Oscillospiraceae,UCG-005,
6,171,0.15,0.113,0.603,0.579,0.405,0.399,0.516,0.511,94fd465cc50b94ddd030b3c3b0d7e826,-0.80653235246254,Ruminococcaceae,Candidatus Soleaferrea,
6,172,0.252,0.208,0.725,0.75,0.263,0.215,0.585,0.617,c728ad6f5d183cb36fa06b6a3a47758b,0.867990199229266,Ruminococcaceae,Faecalibacterium,prausnitzii
6,174,0.265,0.223,0.629,0.612,0.428,0.42,0.472,0.47,94b51e4d3cd9c11f4295019c56c54fff,1.25173495065864,Ruminococcaceae,Fournierella,
6,177,0.308,0.251,0.205,0.148,0.745,0.758,0.162,0.122,675d47d0e00ce464efcc06550c8d986f,-0.143700509084533,Lachnospiraceae,Lachnospiraceae ND3007 group,
6,179,0.271,0.221,0.538,0.502,0.447,0.452,0.425,0.407,0f06bc73534321814ff0e341f4846fac,0.344701901825577,Oscillospiraceae,UCG-002,
6,180,0.128,0.097,0.216,0.165,0.819,0.83,0.182,0.146,22a5b2d604074e7db26a67bc8afba437,0.309816015331997,Lachnospiraceae,Roseburia,hominis
6,181,0.136,0.105,0.509,0.46,0.508,0.519,0.431,0.412,2e1b0cd2b75ade1f324c8afa13cbb424,0.867990199229266,Ruminococcaceae,Ruminococcus,
6,182,0.103,0.074,0.732,0.726,0.336,0.317,0.618,0.63,d6d70ee8797863743fabbeb5a35dd21d,0.144108054487496,Christensenellaceae,Christensenellaceae R-7 group,
6,185,0.072,0.05,0.482,0.414,0.694,0.718,0.373,0.343,b7ff5b3d93e067e2053a43dde8473777,0.693560766761369,Lachnospiraceae,Lachnospiraceae FCS020 group,
6,186,0.202,0.161,0.424,0.367,0.569,0.59,0.35,0.32,db92d5e78fb94056efc409ace74df645,0.990090801956793,Veillonellaceae,Megasphaera,elsdenii
6,188,0.075,0.053,0.807,0.816,0.322,0.294,0.661,0.69,bbae6ed124f4d6b48435a964a95c8418,0.327258958578787,Ruminococcaceae,Faecalibacterium,prausnitzii
6,189,0.417,0.355,0.396,0.338,0.455,0.477,0.314,0.277,f44c7de06be4c6f9cbe32fa9ffbb30b9,0.833104312735687,Atopobiaceae,Olsenella,
6,190,0.077,0.055,0.729,0.74,0.36,0.329,0.616,0.644,dfeff6517f9eb04fd8453d63d26e5dd2,-0.117536094214349,Oscillospiraceae,UCG-005,
6,193,0.073,0.052,0.462,0.394,0.683,0.705,0.366,0.337,4227d06db403f8dd0fc9457783e26a68,0.0656148098769423,Lachnospiraceae,,
6,194,0.079,0.057,0.679,0.667,0.265,0.255,0.659,0.666,9ce9bac98df5797096416b328a27a0bd,0.867990199229266,Anaerovoracaceae,Family XIII UCG-001,
6,195,0.097,0.074,0.862,0.879,0.21,0.167,0.735,0.77,c8fdeae69f4138614525f4ddfc61861e,-0.0215999063570059,Christensenellaceae,Christensenellaceae R-7 group,
6,197,0.158,0.121,0.771,0.811,0.346,0.28,0.596,0.643,89c45ca0d1f94704795c45f263bc055f,0.0481718666301527,Lachnospiraceae,Marvinbryantia,
6,198,0.148,0.115,0.457,0.401,0.54,0.561,0.39,0.363,63276cdff1449462d1a5f259e62ef548,0.205158355851259,Oscillospiraceae,Oscillibacter,
6,199,0.053,0.036,0.756,0.752,0.276,0.258,0.69,0.709,a156849c0eb69974e2ef4b835f771b8d,-1.29493476337265,Anaerovoracaceae,Family XIII AD3011 group,
6,201,0.061,0.044,0.866,0.892,0.229,0.184,0.743,0.786,75279bf7c9e0de11598d0e73c39da9a8,0.379587788319156,Oscillospiraceae,UCG-005,
6,203,0.174,0.137,0.563,0.571,0.353,0.325,0.509,0.531,c252b2c99cad5caceb3cb732bda0c331,-0.728039107851986,Muribaculaceae,,
6,204,0.122,0.094,0.595,0.578,0.49,0.473,0.479,0.491,1c5a35027aa488343104e148e9184718,0.798218426242107,Lachnospiraceae,Oribacterium,
6,205,0.061,0.048,0.83,0.829,0.078,0.05,0.857,0.881,d66007104c205ec43d29550993b87fb7,1.22557053578845,Oscillospiraceae,NK4A214 group,
6,206,0.636,0.554,0.586,0.601,0.24,0.211,0.412,0.413,0117a19ee071b740b9c2b029c390e0a4,1.01625521682698,Clostridiaceae,Sarcina,
6,207,0.529,0.437,0.156,0.116,0.667,0.67,0.119,0.09,68cdb578fc3df7191eaec624b4b7ea2b,-0.858861182202909,Lachnospiraceae,Lachnospiraceae ND3007 group,
6,209,0.599,0.498,0.654,0.66,0.148,0.13,0.488,0.493,773429753c4693aeb6de79514270baf7,-7.1034348645536,Lactobacillaceae,Lactobacillus,johnsonii
6,211,0.109,0.086,0.81,0.824,0.173,0.135,0.741,0.771,311fcd46fd720fc7495e3e6c970cdf3d,-1.31237770661944,Oscillospiraceae,NK4A214 group,
6,212,0.238,0.195,0.713,0.717,0.247,0.218,0.597,0.609,c50f34c41cae93850e2569b635c115c9,0.0481718666301527,Oscillospiraceae,NK4A214 group,
6,213,0.056,0.039,0.936,0.986,0.236,0.166,0.756,0.817,eac40a0b99fd95243d73cfe633a86381,-1.2077200471387,Oscillospiraceae,,
6,216,0.179,0.14,0.24,0.18,0.776,0.793,0.195,0.153,0df33a26fef0168b95d31a4a44bec747,0.667396351891185,Lachnospiraceae,Agathobacter,
6,218,0.171,0.139,0.72,0.735,0.157,0.124,0.689,0.711,c44cef844871a70c10be960f472da8ca,1.23429200741185,Oscillospiraceae,UCG-005,
6,220,0.063,0.045,0.871,0.906,0.228,0.175,0.744,0.793,d00e946e69f721414cec779217681753,-2.85607818396032,Oscillospiraceae,,
6,221,0.318,0.253,0.386,0.331,0.559,0.575,0.305,0.276,ec5ee1d9ae158630c2b037f07fdc0a69,0.370866316695761,Lactobacillaceae,Ligilactobacillus,
6,223,0.058,0.039,0.555,0.512,0.537,0.545,0.474,0.456,8eeebed760c2141e9e97be769267f359,-1.01584767142402,Selenomonadaceae,Anaerovibrio,
6,224,0.158,0.125,0.552,0.513,0.457,0.46,0.467,0.453,475f453bc0b97d8d336591c6b876b55a,0.484245447799894,Ruminococcaceae,Ruminococcus,bromii
6,225,0.139,0.111,0.794,0.809,0.18,0.144,0.714,0.741,0158745d9e5f8df0b6e52114f921321d,-0.57105261863088,,,
6,226,0.634,0.538,0.221,0.185,0.431,0.441,0.181,0.151,f9b397c0139cecc0f27adc5fec8c215d,-1.52169302558092,Lachnospiraceae,Coprococcus,
6,228,0.944,0.826,0.425,0.433,0.069,0.047,0.321,0.314,9683af8d47adc5deb1634b1d07353b38,0.292373072085208,Lactobacillaceae,HT002,
6,229,0.429,0.355,0.252,0.207,0.589,0.601,0.2,0.167,3ccb001711e1d00a820fc6528da1ccda,0.780775482995318,Rikenellaceae,Rikenellaceae RC9 gut group,
6,230,0.255,0.212,0.431,0.382,0.482,0.497,0.366,0.336,b4389de89dd659144afe0d4ab86c3620,1.23429200741185,Lachnospiraceae,Lachnospiraceae NK4B4 group,
6,231,0.088,0.065,0.602,0.568,0.442,0.447,0.523,0.513,9ba70609362ed5c1594480746b1b65ba,-0.632102919994643,,,
6,232,0.076,0.053,0.516,0.484,0.543,0.542,0.447,0.441,e084acaa623118fed06de2e2831d2f13,-1.00712619980062,Lachnospiraceae,Lachnospiraceae AC2044 group,
6,234,0.238,0.194,0.367,0.327,0.567,0.577,0.312,0.287,3c386be97517c638b262caca9fbe4017,1.61803675884122,Lachnospiraceae,Lachnospiraceae NK3A20 group,
6,235,0.241,0.193,0.675,0.666,0.351,0.334,0.531,0.537,c64c50ad6b6d55dd5c506593d9ae9187,-0.457673487526747,Lachnospiraceae,Lachnospiraceae FCS020 group,
6,236,0.097,0.069,0.48,0.423,0.579,0.599,0.403,0.377,7a4b03d408be56f063ae11449f3044a0,0.990090801956793,Lachnospiraceae,Lachnospiraceae NK4A136 group,
6,237,0.072,0.051,0.719,0.734,0.363,0.325,0.612,0.65,fd4b2e675786c0fa27565745bf3d8468,-0.213472282071692,[Eubacterium] coprostanoligenes group,,
6,238,0.303,0.241,0.347,0.293,0.57,0.588,0.284,0.25,6f323da0eca605b133f3270f331d52fa,0.65867488026779,Lactobacillaceae,Ligilactobacillus,
6,239,0.105,0.078,0.78,0.796,0.327,0.293,0.639,0.667,d8cb97a6a1e3b5bf5a6e7a66f400cfdf,-1.92288072025708,Oscillospiraceae,UCG-005,
6,240,0.173,0.136,0.687,0.69,0.347,0.325,0.567,0.582,23ebdf6037ac92e5e2342f96c63bd037,-1.78333717428276,Lachnospiraceae,Agathobacter,
6,242,0.272,0.219,0.68,0.684,0.298,0.273,0.546,0.56,2e92716dffb3381361fd7dc3d0f451d1,0.205158355851259,Lactobacillaceae,HT002,
6,243,0.048,0.032,0.805,0.844,0.313,0.256,0.679,0.733,d91ade5204a19aba73e23e5b2152a2ee,-1.2077200471387,Eggerthellaceae,,
6,244,0.096,0.072,0.886,0.908,0.174,0.128,0.764,0.801,7fd6a8fd06f07f444172e3789e19d84a,0.301094543708603,Christensenellaceae,Christensenellaceae R-7 group,
6,247,0.077,0.051,0.881,0.91,0.292,0.242,0.696,0.738,d68b8e0cc3b4b905b627802c23f7bed2,-0.832696767332724,Christensenellaceae,Christensenellaceae R-7 group,
6,248,0.203,0.168,0.531,0.512,0.395,0.393,0.466,0.459,9eb6f508c0c69a330701d41ee74434b8,1.42616438312653,Oscillospiraceae,UCG-002,
6,249,0.049,0.034,0.514,0.453,0.624,0.642,0.417,0.394,b813547b4b9ea900c009981f1abcf701,0.240044242344839,Lachnospiraceae,Shuttleworthia,
6,250,0.099,0.074,0.727,0.729,0.316,0.294,0.63,0.654,9f91d29187317fab12188f79a29521a2,-1.10306238765796,Lachnospiraceae,Roseburia,
6,251,0.141,0.106,0.283,0.21,0.706,0.735,0.242,0.19,fa88fb7fafaa2c2660887b4adba552b5,0.798218426242107,Lachnospiraceae,[Eubacterium] ruminantium group,
6,253,0.084,0.061,0.565,0.524,0.525,0.529,0.473,0.459,77ba3627b047009a21d28777fa669e73,-0.885025597073093,Lachnospiraceae,Lachnospiraceae NK4A136 group,
6,254,0.111,0.081,0.405,0.336,0.687,0.712,0.325,0.288,18ef4562cd7b2198170e26cc104b84d5,0.161550997734285,Lachnospiraceae,Dorea,
6,255,0.195,0.152,0.296,0.244,0.675,0.686,0.251,0.218,d9281508054f7b48d07e9c2551c30265,-0.161143452331323,Lachnospiraceae,Coprococcus,comes
6,256,0.094,0.069,0.84,0.869,0.292,0.243,0.679,0.721,7d3c2fc798add680f99effb6fd15f05a,-1.61762921343826,Christensenellaceae,Christensenellaceae R-7 group,
6,257,0.214,0.179,0.75,0.769,0.251,0.213,0.617,0.645,701a3b717e15f0c22b17a989e3fd807a,0.684839295137975,Lachnospiraceae,,
6,260,0.184,0.143,0.68,0.662,0.419,0.406,0.524,0.527,286b444fb673d554ebd55837a29a398e,0.42319514643613,Lachnospiraceae,Blautia,
6,261,0.18,0.139,0.64,0.616,0.462,0.453,0.491,0.493,b48d9cc894c8685833032888bcf431da,-0.405344657786378,Ruminococcaceae,Ruminococcus,
6,262,0.795,0.682,0.279,0.253,0.262,0.27,0.225,0.2,a7ec86ae7a20c2544aaad324c277b9df,-1.06817650116438,Clostridiaceae,Clostridium sensu stricto 1,
6,263,0.249,0.2,0.564,0.54,0.337,0.338,0.493,0.483,52352fa607b62894ed4b5bddb25dc034,0.292373072085208,Lachnospiraceae,Anaerostipes,
6,264,0.141,0.108,0.558,0.509,0.517,0.527,0.451,0.436,90ab874612bdeba06589ef5374d31116,0.44063808968292,Ruminococcaceae,Ruminococcus,bromii
6,265,0.233,0.185,0.417,0.365,0.524,0.541,0.353,0.32,64ff3f9ca1516ad2d1394d667c5fe0e2,-0.414066129409773,Lachnospiraceae,Roseburia,
6,266,0.091,0.068,0.801,0.827,0.247,0.202,0.697,0.737,91b14559562fa13c040c6f4b03aeedc8,-0.204750810448297,Lachnospiraceae,Roseburia,
6,267,0.134,0.103,0.755,0.777,0.303,0.266,0.628,0.662,365418ba9404e8033651adb23e1ea531,-0.492559374020326,Lachnospiraceae,[Eubacterium] ruminantium group,
6,268,0.222,0.176,0.853,0.882,0.216,0.166,0.663,0.694,c1eedbcfde0ec278a15691f85ef9055b,0.152829526110891,Ruminococcaceae,Ruminococcus,
6,269,0.187,0.147,0.402,0.355,0.595,0.603,0.336,0.31,bf37c87f8841a9f1a2cd20db4fa18b74,0.44063808968292,Oscillospiraceae,UCG-002,
6,270,0.187,0.148,0.511,0.472,0.444,0.452,0.443,0.424,7451bd049f3440009afa6ced39fd8ef7,-0.187307867201507,Oscillospiraceae,NK4A214 group,
6,273,0.113,0.083,0.387,0.321,0.608,0.635,0.337,0.299,5dae487e2fd76d6a92cf8ab01956888f,-0.335572884799219,Oscillospiraceae,UCG-002,
6,275,0.091,0.068,0.514,0.467,0.516,0.525,0.45,0.431,d10f606be52e64446030d3b1925c2e67,-0.230915225318482,Lachnospiraceae,Agathobacter,
6,276,0.096,0.071,0.181,0.129,0.799,0.809,0.164,0.124,b3a4aff8129bf245724a74fce7ae5880,-1.15539121739833,Erysipelotrichaceae,,
6,277,0.072,0.05,0.585,0.548,0.519,0.522,0.49,0.479,2bdaa937f63fe712e3416e5fc86e19b8,-0.876304125449698,Oscillospiraceae,NK4A214 group,
6,278,0.1,0.075,0.656,0.638,0.407,0.399,0.556,0.558,909cfa140ec918dad3b6b909079d67a0,1.21684906416506,Anaerovoracaceae,[Eubacterium] nodatum group,
6,279,0.233,0.188,0.325,0.256,0.697,0.718,0.254,0.213,a7fe465489c19196f246fd164343718b,-0.448952015903352,Ruminococcaceae,[Eubacterium] siraeum group,
6,281,0.103,0.074,0.375,0.314,0.684,0.705,0.315,0.282,955edd406f4ac16de8cd46dc944c64ea,-1.5391359688277,Prevotellaceae,Prevotellaceae UCG-003,
6,282,0.277,0.223,0.61,0.599,0.431,0.417,0.46,0.462,541654ef61f6035c4014d1f8e9c4518f,1.05986257494395,Lachnospiraceae,Blautia,
6,284,0.131,0.101,0.79,0.807,0.224,0.189,0.688,0.716,2227c5cc2db75cef89152017027143ed,-2.2194107554525,Lachnospiraceae,Lachnospiraceae UCG-001,
6,285,0.161,0.127,0.768,0.776,0.273,0.24,0.635,0.658,a7d9d8a120a65f9cc9b4cb4864403cf3,-0.867582653826304,Oscillospiraceae,Oscillibacter,
6,286,0.185,0.141,0.256,0.184,0.822,0.842,0.197,0.15,4403a014db620e5cd2842e3de273eebd,-0.579774090254275,Prevotellaceae,Prevotellaceae NK3B31 group,
6,287,0.115,0.086,0.583,0.543,0.499,0.505,0.479,0.467,23c2393672ac64e41ce5f879789be8aa,-1.12050533090475,Ruminococcaceae,Ruminococcus,champanellensis
6,288,0.385,0.327,0.676,0.695,0.123,0.083,0.585,0.598,6047a380a70b185dc730c4e26b18556f,1.46105026962011,Lactobacillaceae,HT002,
6,289,0.293,0.242,0.607,0.614,0.291,0.267,0.514,0.525,7e26fa9387e922eaf43bed13e962f31d,-1.27749182012586,Ruminococcaceae,Ruminococcus,
6,291,0.334,0.275,0.562,0.538,0.358,0.356,0.451,0.444,58de1a776f099afee157cd5916a2da24,-0.196029338824902,[Eubacterium] coprostanoligenes group,,
6,292,0.505,0.424,0.202,0.15,0.576,0.592,0.161,0.121,af6715541ed0d6a6d8181909ed25a8b3,0.763332539748528,Oscillospiraceae,UCG-005,
6,293,0.895,0.763,0.328,0.296,0.352,0.36,0.222,0.198,4facbde95f50d4dd5a31524beed0bef7,-0.431509072656562,Erysipelatoclostridiaceae,Erysipelotrichaceae UCG-003,
6,294,0.286,0.233,0.42,0.389,0.531,0.53,0.34,0.329,ae9043132c6cd4871c91aff78a42b18e,-0.579774090254275,Clostridiaceae,Clostridium sensu stricto 1,
6,295,0.077,0.054,0.236,0.17,0.856,0.873,0.196,0.149,3cd268e3552c0eab8c8126150ce67d72,-0.893747068696488,Oscillospiraceae,Oscillibacter,
6,296,0.106,0.078,0.451,0.401,0.571,0.585,0.389,0.369,1f7af4f1c04bd6c6adf197117e9457be,0.213879827474654,[Eubacterium] coprostanoligenes group,,
6,297,0.055,0.038,0.389,0.328,0.706,0.727,0.328,0.297,0a49a32752b611a144ddd506a2155134,-0.00415696311021622,Prevotellaceae,Alloprevotella,
6,298,0.248,0.199,0.587,0.568,0.447,0.44,0.453,0.453,bcf103fa0841ca82ff888a43a185fcb5,-0.31812994155243,Peptostreptococcaceae,Terrisporobacter,
6,299,0.215,0.168,0.319,0.271,0.696,0.708,0.258,0.229,0d17469b2021d9cd06c62f9824d50f6b,-0.213472282071692,Erysipelatoclostridiaceae,Erysipelotrichaceae UCG-003,
6,300,0.467,0.394,0.664,0.688,0.205,0.166,0.508,0.524,f54acd393178bbc7eb0fd7ee0971d35d,0.91159755734624,Lactobacillaceae,HT002,
6,303,0.075,0.054,0.566,0.528,0.54,0.542,0.469,0.462,073b7228076715736aaaa432d7e04caf,-0.823975295709329,Lachnospiraceae,[Eubacterium] xylanophilum group,
6,304,0.103,0.073,0.686,0.669,0.46,0.448,0.539,0.551,b0ddda3089d25041df59da487138e354,0.0743362815003372,[Eubacterium] coprostanoligenes group,,
6,306,0.21,0.165,0.386,0.317,0.662,0.687,0.299,0.261,f941b390a2f45fa060656167da2f7c29,-0.248358168565271,Oscillospiraceae,Oscillospira,
6,310,0.096,0.07,0.271,0.231,0.808,0.813,0.227,0.203,0ef7078e979292aa191df3542992d6cc,0.0481718666301527,Lachnospiraceae,Lachnospiraceae NK4B4 group,
6,312,0.111,0.08,0.701,0.69,0.446,0.424,0.549,0.563,668245749cfdbf5f55cbb5e5a950fed7,-1.48680713908734,Christensenellaceae,Christensenellaceae R-7 group,
6,313,0.229,0.182,0.48,0.449,0.402,0.406,0.433,0.42,edae01087cf39a39053c6091e255743e,-1.66123657155523,Lachnospiraceae,Coprococcus,
6,316,0.104,0.077,0.447,0.409,0.522,0.53,0.408,0.392,7fa67f92c7e695e0dacb1cc2bb1262d1,1.06858404656735,Lachnospiraceae,Blautia,
6,317,0.33,0.274,0.503,0.492,0.361,0.348,0.422,0.424,71f80aa92215a77c688db677cc544d1f,0.100500696370522,Peptococcaceae,Peptococcus,
6,318,0.551,0.458,0.128,0.084,0.691,0.695,0.096,0.064,b7dd452b840acdd41ea50f7f07af85d9,-0.0826502077207696,Clostridiaceae,Clostridium sensu stricto 1,
6,319,0.117,0.088,0.54,0.513,0.445,0.449,0.479,0.476,68d8f83463dc38902cdf2efc4c36f3e0,-0.492559374020326,Muribaculaceae,,
6,320,0.054,0.038,0.651,0.63,0.449,0.438,0.55,0.56,c1ed8902e59b89f73603cff76914a70f,0.222601299098049,Butyricicoccaceae,Butyricicoccus,
6,321,0.411,0.348,0.717,0.738,0.159,0.122,0.569,0.584,ccad1bb73c6d5d9b6e8201c14bf897c5,0.519131334293473,Lactobacillaceae,HT002,
6,322,0.114,0.083,0.44,0.41,0.611,0.614,0.373,0.36,8e3c0a4e5239c52bae463167dc104ae0,-1.50425008233413,Selenomonadaceae,Anaerovibrio,
6,323,0.143,0.104,0.731,0.738,0.298,0.274,0.624,0.641,fe0bc603fe803d789b76f8ca8f1fed95,-0.815253824085935,Lachnospiraceae,Anaerostipes,
6,324,0.06,0.042,0.756,0.779,0.3,0.261,0.669,0.706,7482b71d43cf688b6bddb59519042247,1.01625521682698,Erysipelotrichaceae,[Anaerorhabdus] furcosa group,
6,325,0.392,0.325,0.366,0.309,0.503,0.525,0.293,0.256,c79f0c98162194860fe4faea774c51f6,0.745889596501738,Prevotellaceae,Prevotella_7,
6,329,0.585,0.492,0.446,0.42,0.362,0.362,0.331,0.311,f80f5543ed4ac5df31ec339eb27810bd,-0.492559374020326,Butyricicoccaceae,Butyricicoccus,
6,330,0.629,0.537,0.244,0.196,0.392,0.411,0.199,0.161,c2182c5e5a155555e0514b788cf764de,0.571460164033842,Oscillospiraceae,Colidextribacter,massiliensis
6,331,0.119,0.091,0.807,0.837,0.295,0.247,0.655,0.694,e3c28faece4585e778db850bfcb56248,-0.00415696311021622,Prevotellaceae,Prevotella_9,copri
6,332,0.383,0.323,0.707,0.713,0.087,0.059,0.616,0.631,513bedd99957f97d28c6e01a28aaa5d6,0.100500696370522,Lactobacillaceae,HT002,
6,334,0.184,0.146,0.76,0.766,0.32,0.29,0.598,0.616,fbc503a57ead03a69415bbc8169f4dc7,0.0656148098769423,Christensenellaceae,Christensenellaceae R-7 group,
6,337,0.116,0.09,0.819,0.823,0.197,0.174,0.725,0.743,70b0e64e3d08d64cda089e91f6994469,-3.89393330714431,Oscillospiraceae,,
6,340,0.129,0.101,0.555,0.523,0.425,0.428,0.496,0.481,d4b9487f80a46f105daa14816456c5f6,1.67908706020498,Oscillospiraceae,NK4A214 group,
6,342,0.058,0.041,0.701,0.71,0.328,0.298,0.635,0.667,e74011d15df9b191683d5db6942dbee3,0.728446653254949,Christensenellaceae,Christensenellaceae R-7 group,
6,343,0.135,0.104,0.609,0.568,0.431,0.438,0.511,0.497,256c538168b50bbfbe7c92b8e2180bad,0.562738692410447,Lachnospiraceae,,
6,344,0.121,0.093,0.527,0.469,0.539,0.56,0.435,0.407,de502f0367ea0976d2fd118bd53661c0,0.972647858710004,Ruminococcaceae,,
6,347,0.312,0.256,0.46,0.42,0.442,0.453,0.378,0.357,8cd0e4a1470312203cbd5aa57b6f0bb6,-0.527445260513906,[Eubacterium] coprostanoligenes group,,
6,348,0.178,0.142,0.729,0.739,0.316,0.287,0.591,0.612,e9398bc0ad9626bc4742c93fd0363bac,0.388309259942551,Ruminococcaceae,Ruminococcus,bicirculans
6,350,0.1,0.077,0.668,0.65,0.363,0.357,0.583,0.584,fb6956ecda12a8dc652b1866dea12301,1.37383555338617,Lachnospiraceae,Lachnospiraceae UCG-004,
6,351,0.225,0.184,0.573,0.541,0.42,0.423,0.467,0.457,7b6d335d29fb8edf989ba7d03a848d84,0.222601299098049,Lachnospiraceae,Roseburia,inulinivorans
6,352,0.296,0.241,0.476,0.452,0.394,0.393,0.414,0.4,cc6211dc51f6dcb6f2307b46269c0025,-2.17580339733553,Anaerovoracaceae,[Eubacterium] nodatum group,
6,353,0.436,0.36,0.322,0.286,0.483,0.487,0.264,0.242,7eeeb0b4e7cef74812467010bd427c09,-1.39959242285339,Lachnospiraceae,Roseburia,
6,354,0.104,0.077,0.766,0.779,0.28,0.253,0.662,0.686,2b030a34899620327b9f0c7f18fee50b,-1.17283416064512,Ruminococcaceae,,
6,356,0.272,0.219,0.171,0.116,0.778,0.79,0.138,0.097,f0239b7b4e420d76c14111f03315a3f9,-0.597217033501064,Prevotellaceae,Alloprevotella,
6,357,0.256,0.202,0.479,0.419,0.541,0.564,0.369,0.339,d5de366a628d88c8d61dc82668a4f246,-0.448952015903352,Peptostreptococcaceae,Terrisporobacter,
6,358,0.215,0.172,0.439,0.382,0.508,0.527,0.373,0.345,e85cc2f28f696322e5ed183c122805d6,0.196436884227865,Veillonellaceae,Megasphaera,elsdenii
6,360,0.124,0.094,0.447,0.37,0.662,0.689,0.351,0.315,a3a2886eb140ac3b163b42068132a211,-0.605938505124459,Oscillospiraceae,UCG-005,
6,361,0.073,0.051,0.642,0.602,0.536,0.541,0.499,0.494,36394ae44d3c007003906e97d663aeeb,0.0568933382535475,Lachnospiraceae,Agathobacter,
6,363,0.124,0.092,0.591,0.579,0.386,0.372,0.53,0.542,878e27d4bde48175c1dc69139b5d75bf,-0.832696767332724,Muribaculaceae,,
6,364,0.094,0.07,0.728,0.725,0.39,0.366,0.589,0.608,3f9637a30b3687246013029a4d42377b,0.597624578904027,Prevotellaceae,Prevotella_9,
6,365,0.129,0.099,0.69,0.673,0.342,0.333,0.589,0.592,ded0c8bf97be072c47ecc221dab2dc00,0.0743362815003372,Oscillospiraceae,NK4A214 group,
6,366,0.12,0.089,0.505,0.458,0.552,0.565,0.423,0.401,400ef329b2c43b49217289537bb77633,1.13835581955451,Lachnospiraceae,Blautia,
6,367,0.133,0.095,0.37,0.273,0.711,0.755,0.295,0.234,d6d36229fe36704ca7373f58fe059f71,0.0132859801365734,Lachnospiraceae,[Eubacterium] xylanophilum group,
6,369,0.141,0.112,0.763,0.784,0.261,0.222,0.651,0.683,3c5a0cbeb9e0f9088860fe419f4e7869,0.0307289233833631,Ruminococcaceae,,
6,370,0.137,0.108,0.8,0.812,0.321,0.288,0.631,0.654,26b9abb021e89eab7644862adde7652e,2.19365388598528,Saccharimonadaceae,Candidatus Saccharimonas,
6,371,0.098,0.072,0.717,0.708,0.399,0.383,0.582,0.593,f531dd57882400b573b489638066f709,-1.34726359311302,Oscillospiraceae,UCG-005,
6,372,0.131,0.099,0.442,0.39,0.608,0.62,0.366,0.343,a98715f7e0b2807c4e906cf5e6741f58,0.667396351891185,,,
6,373,0.277,0.221,0.338,0.288,0.605,0.616,0.277,0.247,8f6cab269b0e9c75fb86b4e1f1046fbd,-0.204750810448297,Anaerovoracaceae,Family XIII UCG-001,
6,374,0.209,0.164,0.272,0.232,0.714,0.72,0.226,0.201,7eb1c517cc575ef7d135d17a96e04af9,-1.01584767142402,Erysipelotrichaceae,Solobacterium,
6,376,0.126,0.096,0.885,0.91,0.175,0.127,0.746,0.779,bc36860c72f066c298baddc72e738808,0.641231937021001,Lactobacillaceae,HT002,
6,377,0.372,0.319,0.738,0.772,0.163,0.106,0.589,0.615,374d0756af2dd1f43c217dcafb729687,0.0220074517599682,Anaerovoracaceae,Family XIII AD3011 group,
6,378,0.731,0.618,0.27,0.227,0.534,0.547,0.183,0.154,ec922cf28eb6e631960de84ebe167acf,0.0656148098769423,Oscillospiraceae,UCG-005,
6,379,0.205,0.161,0.536,0.504,0.497,0.497,0.426,0.419,25372d17d2e1d698cd711c9fa89af672,-0.0303213779804007,Ruminococcaceae,Incertae Sedis,
6,381,0.117,0.085,0.398,0.355,0.675,0.684,0.329,0.309,cb55d4c46d3665758ba4671200061146,-1.48680713908734,Lachnospiraceae,Lachnospiraceae NK4A136 group,
6,382,0.63,0.526,0.246,0.199,0.531,0.548,0.18,0.148,ab49408d38f661cdff4b89d91256de26,-0.762924994345566,Peptostreptococcaceae,Terrisporobacter,
6,383,0.15,0.117,0.429,0.391,0.594,0.598,0.36,0.343,65a6a8188563412c9333dcceacf8e6c3,-1.01584767142402,T34,,
6,384,0.229,0.179,0.706,0.716,0.376,0.349,0.536,0.556,d8875ac0721bbc942c2d6191e3c5d751,-0.100093150967559,Lachnospiraceae,Roseburia,
6,385,0.104,0.076,0.321,0.253,0.759,0.783,0.264,0.222,7a828662d659867f24b3522f0e47b751,-0.954797370060252,Prevotellaceae,Prevotellaceae UCG-003,
6,388,0.079,0.056,0.787,0.802,0.312,0.277,0.66,0.688,7ce3f4e61ae63ef30c68cee8bcfd4546,0.240044242344839,Prevotellaceae,Prevotella_9,copri
6,389,0.248,0.199,0.213,0.162,0.801,0.809,0.167,0.132,eac1ec3854a2cea1ed494097a8f1e33a,-0.466394959150142,[Eubacterium] coprostanoligenes group,,
6,390,0.098,0.074,0.418,0.346,0.657,0.687,0.343,0.305,f117ebcfa292d5383c3f0833c92e5ede,0.815661369488897,Clostridiaceae,Clostridium sensu stricto 1,
6,395,0.234,0.194,0.748,0.749,0.284,0.261,0.591,0.604,707940842caa2afe60491008e04a8173,1.72269441832196,Lachnospiraceae,Lachnospiraceae NK4A136 group,bacterium
6,396,0.167,0.13,0.394,0.34,0.649,0.664,0.32,0.293,a17344a8acf6acbf7fab5db27e74c26e,-0.518723788890511,Christensenellaceae,Christensenellaceae R-7 group,
6,397,0.08,0.056,0.777,0.786,0.282,0.253,0.676,0.699,ac07428611cda65054aec775f50cb486,-0.562331147007485,Christensenellaceae,Christensenellaceae R-7 group,
6,402,0.107,0.079,0.399,0.359,0.619,0.63,0.349,0.325,a35aa3fc20fb61d0ec439ee2009bf472,1.19940612091827,Acidaminococcaceae,Acidaminococcus,fermentans
6,403,0.126,0.098,0.598,0.579,0.441,0.435,0.503,0.512,31539618f71486ca28b93f3eee9c3db6,0.615067522150816,Prevotellaceae,Prevotella_9,
6,404,0.351,0.288,0.645,0.642,0.231,0.215,0.533,0.539,a822eed692bc6f11f3e7a953ac0a23e4,1.37383555338617,Lactobacillaceae,Ligilactobacillus,
6,405,0.194,0.154,0.39,0.344,0.58,0.591,0.331,0.306,a38695ec545e6364d9443d91000d2a67,-0.274522583435456,Oscillospiraceae,UCG-005,
6,406,0.056,0.039,0.886,0.927,0.238,0.177,0.742,0.799,96ed6cb0d5f3bea4c7d87104acc9052d,1.53954351423067,Ruminococcaceae,Ruminococcus,callidus
6,410,0.136,0.105,0.707,0.748,0.341,0.288,0.588,0.637,cbfd50b526a746ad2a88b438da78ab2e,0.362144845072366,Prevotellaceae,Prevotella_9,
6,411,0.058,0.04,0.233,0.167,0.743,0.764,0.217,0.167,076ff9e7f98a6a1415d205003dc19286,0.0917792247471268,Ruminococcaceae,Ruminococcus,flavefaciens
6,414,0.198,0.156,0.727,0.73,0.306,0.284,0.59,0.605,5226f4c18a220a11506725a9da7f318a,-2.27173958519287,Oscillospiraceae,NK4A214 group,
6,419,0.085,0.059,0.841,0.86,0.282,0.244,0.691,0.722,24c53dd4d9c7fd98276dfe888e2c0e6d,-1.19027710389191,Christensenellaceae,Christensenellaceae R-7 group,
6,422,0.216,0.17,0.319,0.231,0.742,0.778,0.242,0.187,631f02cfa769a21142f336a5a881b81d,0.571460164033842,Coriobacteriaceae,Collinsella,
6,423,0.217,0.171,0.771,0.793,0.371,0.323,0.562,0.592,c1025c991bedbf7c62da4891a47fc157,0.484245447799894,Atopobiaceae,,
6,426,0.152,0.119,0.546,0.49,0.548,0.564,0.428,0.404,5d9d23d8174c441ece8596ff6b4ff128,0.484245447799894,Erysipelotrichaceae,Holdemanella,
6,428,0.119,0.09,0.356,0.279,0.741,0.778,0.284,0.236,7273e6e8aa6719554d6b5933b1ee6f56,1.04241963169716,Lachnospiraceae,Lachnospiraceae FCS020 group,
6,431,0.468,0.389,0.393,0.337,0.456,0.475,0.303,0.266,343448bd0a9ac6520e24a425b25528c1,0.580181635657237,Lactobacillaceae,Ligilactobacillus,
6,432,0.472,0.399,0.354,0.315,0.417,0.428,0.292,0.261,1cd23a36503b0eabc94c27ca7011839d,0.536574277540263,[Eubacterium] coprostanoligenes group,,
6,433,0.132,0.101,0.478,0.436,0.533,0.543,0.411,0.398,9af13eed6ea58ccfb4e4c9a0a7f351b6,-1.06817650116438,Ruminococcaceae,Ruminococcus,
6,435,0.498,0.415,0.447,0.432,0.404,0.399,0.341,0.333,4d70a19630f3cfea0701150841cc7192,-1.87055189051671,Lactobacillaceae,Lactobacillus,amylovorus
6,436,0.356,0.292,0.277,0.224,0.668,0.681,0.212,0.179,08c384fce152c34bc37400f23a1c7443,0.126665111240706,Lachnospiraceae,Shuttleworthia,
6,437,0.102,0.074,0.313,0.254,0.713,0.731,0.27,0.233,ac468d45f5676614bac42d99d99507f4,-0.858861182202909,Oscillospiraceae,UCG-005,
6,438,0.187,0.148,0.748,0.774,0.151,0.107,0.694,0.724,6ae0bf6649b93c9793a66623d9b99aca,-0.510002317267116,Anaerovoracaceae,Family XIII AD3011 group,
6,439,0.313,0.251,0.668,0.665,0.384,0.361,0.491,0.498,34e87adc6432d45d77eecf0daab9d2e9,-0.344294356422614,Christensenellaceae,Christensenellaceae R-7 group,
6,440,0.08,0.059,0.545,0.507,0.556,0.565,0.45,0.442,6dfe5af2ead54a5fcf5e30604fec00f8,-0.980961784930436,Ruminococcaceae,Ruminococcus,
6,441,0.181,0.146,0.572,0.547,0.43,0.43,0.479,0.475,8cb2587747a7d3774abd5a97d9d02ee8,1.63547970208801,Prevotellaceae,Alloprevotella,
6,442,0.241,0.199,0.713,0.738,0.315,0.27,0.56,0.591,122944e13fe8b54e7e311f13b859b55b,0.623788993774211,Oscillospiraceae,Colidextribacter,
6,443,0.056,0.038,0.554,0.512,0.559,0.561,0.46,0.452,78db5d4dd0a91d847f27d8275cce7601,-0.405344657786378,Oscillospiraceae,UCG-005,
6,444,0.067,0.045,0.532,0.487,0.552,0.555,0.452,0.437,242698e5b24296238adebfea946d47bb,0.824382841112292,,,
6,449,0.414,0.344,0.28,0.217,0.646,0.667,0.209,0.168,739c82aa303144ddc1c0590e8ed6de0f,-0.00415696311021622,Lachnospiraceae,,
6,451,0.094,0.069,0.915,0.952,0.221,0.164,0.739,0.785,4aa4221f072ef60f79e7921e799750c0,0.536574277540263,Prevotellaceae,Prevotella_9,
6,453,0.047,0.031,0.708,0.719,0.374,0.341,0.618,0.648,1e501ded778f1a10876d4ae4d47cd89d,-0.344294356422614,Campylobacteraceae,Campylobacter,hyointestinalis
6,454,0.077,0.055,0.725,0.713,0.34,0.329,0.627,0.638,777dafa3e5bad680cc5a2c1418e8b728,-0.143700509084533,Lachnospiraceae,Lachnoclostridium,
6,456,0.241,0.197,0.825,0.851,0.283,0.239,0.61,0.637,ab56e56876734ed624aa4b1a68131829,-0.77164646596896,Oscillospiraceae,UCG-005,
6,457,0.162,0.125,0.572,0.53,0.529,0.534,0.445,0.429,c9c4d96739be83097d3386bf5a0c1cd1,0.135386582864101,UCG-010,,
6,458,0.12,0.093,0.809,0.83,0.239,0.199,0.688,0.72,127b7e88f7870f09d317d9ebe68a5a61,0.344701901825577,Lachnospiraceae,,
6,459,0.066,0.045,0.416,0.367,0.624,0.638,0.366,0.347,7899276bb80fa3652458fb6dafd9cf51,-0.980961784930436,,,
6,460,0.183,0.142,0.473,0.415,0.584,0.607,0.374,0.349,6ff6a150036e04ef332a76987d0744c5,0.379587788319156,Prevotellaceae,Prevotella_9,
6,461,0.244,0.198,0.623,0.609,0.287,0.277,0.542,0.539,d6fb5a6d274b2864d58729b26b6573e5,-0.370458771292799,,,
6,462,0.191,0.151,0.49,0.432,0.561,0.578,0.388,0.359,442b04ca5590bef3123b3a8f10b8e033,0.362144845072366,Lachnospiraceae,Marvinbryantia,
6,464,0.171,0.136,0.51,0.47,0.484,0.496,0.434,0.418,ac1d4e46240660a75dd561498d1c50df,0.867990199229266,Oscillospiraceae,UCG-005,
6,467,0.147,0.112,0.172,0.123,0.77,0.776,0.155,0.116,2d05ee2db39ad69cd7eb2ee979939d39,-1.06817650116438,,,
6,468,0.282,0.227,0.316,0.263,0.645,0.665,0.249,0.217,de605f676a452053a25daf579d38fc0e,-0.701874692981802,Rikenellaceae,Rikenellaceae RC9 gut group,
6,469,0.117,0.087,0.244,0.187,0.769,0.785,0.209,0.171,0e72524acb3a39e88131a91c2fcbf875,0.274930128838418,Lachnospiraceae,Marvinbryantia,
6,471,0.082,0.057,0.364,0.317,0.659,0.668,0.321,0.298,9c242ead121d554d30f93e94d64ad3db,0.623788993774211,,,
6,473,0.093,0.069,0.788,0.79,0.283,0.261,0.672,0.691,ef984d1dae1e9ccded0f0dc7f6342209,-0.780367937592355,Oscillospiraceae,UCG-005,
6,475,0.092,0.065,0.73,0.734,0.37,0.337,0.602,0.628,4beed85d69f52a690d25a5120146ee35,0.867990199229266,Prevotellaceae,Prevotella_9,
6,477,0.237,0.194,0.666,0.657,0.291,0.274,0.559,0.564,60bed339f40d58c6de65c2b894d2132e,0.990090801956793,Oscillospiraceae,UCG-002,
6,478,0.087,0.065,0.381,0.321,0.567,0.586,0.357,0.324,2db5ff795ad81b820216c1b79a1df48a,0.789496954618712,Lachnospiraceae,Coprococcus,eutactus
6,479,0.113,0.086,0.716,0.718,0.393,0.367,0.577,0.597,f4fe0e47974a9b84979bff3ece1fd127,-1.12050533090475,Christensenellaceae,Christensenellaceae R-7 group,
6,480,0.172,0.138,0.755,0.781,0.254,0.209,0.639,0.673,799a416a77413c06df0ffc9c9c615f3b,1.68780853182838,Anaerovoracaceae,Family XIII AD3011 group,
6,482,0.151,0.118,0.676,0.653,0.427,0.415,0.532,0.54,14ffdd11589f7244de4c211d4c224663,0.763332539748528,Lachnospiraceae,Pseudobutyrivibrio,
6,483,0.099,0.071,0.247,0.203,0.841,0.847,0.205,0.174,47c6b9ad69bf0cecd4731815170d9aad,-1.12050533090475,Muribaculaceae,,
6,484,0.159,0.12,0.309,0.234,0.778,0.809,0.24,0.193,98ec938d60c53742a3937c40620fc44b,-0.117536094214349,Lachnospiraceae,Lachnospiraceae ND3007 group,
6,486,0.08,0.058,0.377,0.33,0.688,0.697,0.322,0.301,2e73595f113500b67a9230447413b590,-0.335572884799219,Lachnospiraceae,Anaerosporobacter,
6,487,0.066,0.047,0.442,0.38,0.555,0.579,0.401,0.37,c6392a808c5ca2e64d3cb6b10e83adee,0.562738692410447,Ruminococcaceae,Subdoligranulum,
6,488,0.175,0.141,0.654,0.64,0.367,0.354,0.542,0.548,5543c95bc3023e096917e1b33e18c759,1.54826498585406,Prevotellaceae,Alloprevotella,
6,490,0.121,0.092,0.697,0.696,0.372,0.349,0.578,0.597,2af476270553eced4995d904584bfd12,1.60059381559443,Oscillospiraceae,UCG-002,
6,492,0.186,0.145,0.484,0.442,0.482,0.491,0.419,0.395,d331c54836ce2164d5d51154f369d9a4,1.33022819526919,Oscillospiraceae,NK4A214 group,
6,493,0.078,0.055,0.549,0.501,0.5,0.513,0.475,0.458,dabb590ac213a628042184c55e9110c1,0.728446653254949,Lachnospiraceae,Lachnoclostridium,
6,494,0.393,0.324,0.487,0.433,0.462,0.478,0.364,0.339,06858df2fbd352aedac92c93a62a4b5a,0.231322770721444,Lachnospiraceae,[Ruminococcus] torques group,
6,496,0.145,0.112,0.421,0.353,0.584,0.611,0.356,0.316,6f6260e093325ad7153efdb6b1b132a8,-0.222193753695087,Ruminococcaceae,Ruminococcus,champanellensis
6,498,0.139,0.107,0.214,0.144,0.769,0.789,0.185,0.132,a39d801345fa448b725cc560f78f64bd,0.344701901825577,Ruminococcaceae,Ruminococcus,bromii
6,499,0.096,0.07,0.16,0.121,0.895,0.893,0.136,0.109,174fb90968eb02b029628a35d48249dd,-0.0913716793441644,Lachnospiraceae,Agathobacter,
6,500,0.334,0.279,0.426,0.386,0.47,0.482,0.347,0.322,93a5234f9b55c5eb1ece27bd8dadd163,2.12388211299812,Prevotellaceae,,
6,501,0.3,0.248,0.271,0.223,0.64,0.656,0.222,0.189,273105e5d2510274f1082d48959982e4,1.53082204260727,,,
6,502,0.118,0.087,0.734,0.739,0.358,0.331,0.599,0.622,ffbdf279238897066d7893e8c8afd109,0.833104312735687,Prevotellaceae,Prevotella_9,
6,504,0.162,0.126,0.77,0.796,0.288,0.244,0.628,0.661,5783aa5d2aa70422732da505e728736e,0.370866316695761,Ruminococcaceae,,
6,507,0.253,0.207,0.596,0.581,0.43,0.417,0.46,0.465,9be1b8ad127467ec474effee10166b34,-0.326851413175825,Rikenellaceae,Rikenellaceae RC9 gut group,
6,508,0.212,0.172,0.897,0.922,0.17,0.117,0.704,0.731,a1ee896cadcab3c8f3a007d9d5593c05,0.815661369488897,Ruminococcaceae,Ruminococcus,
6,509,0.168,0.137,0.727,0.755,0.309,0.262,0.6,0.639,afe9a837c96c0e18f7eb8f3a7340996e,0.693560766761369,Ruminococcaceae,,
6,510,0.071,0.05,0.432,0.38,0.603,0.62,0.382,0.355,4bf7b8ace724ef99dfe0b1747f52f5d2,0.0394503950067579,Ruminococcaceae,,
6,511,0.168,0.127,0.249,0.186,0.747,0.768,0.209,0.165,5b9c690fb23db28aaa39fd5b7ad69f3e,0.292373072085208,Lachnospiraceae,[Eubacterium] ruminantium group,
6,515,0.069,0.048,0.221,0.164,0.879,0.891,0.183,0.143,494e65560668c776b1b9e745b349c50d,0.100500696370522,Oscillospiraceae,UCG-002,
6,516,0.086,0.061,0.656,0.638,0.444,0.431,0.537,0.55,95b81e12d256c3d58fe84108ed0a4a87,0.65867488026779,Ruminococcaceae,Subdoligranulum,
6,517,0.168,0.132,0.434,0.401,0.497,0.504,0.393,0.374,14cc93a3c47443449ee9b3403c8e9e3e,1.68780853182838,Anaerovoracaceae,Family XIII AD3011 group,
6,518,0.119,0.09,0.675,0.669,0.387,0.373,0.563,0.58,91ff4737c66431cf09bf36435cfa4660,0.196436884227865,Prevotellaceae,Prevotella,
6,519,0.15,0.122,0.806,0.812,0.249,0.222,0.666,0.686,8ff4b703b883458daeacfb28a62eb141,1.17324170604808,Lactobacillaceae,Lactobacillus,delbrueckii
6,520,0.085,0.062,0.738,0.753,0.29,0.257,0.655,0.682,a0ac947e00601c30fdd416c00daf83f6,0.274930128838418,Prevotellaceae,Prevotella_9,
6,521,0.24,0.194,0.621,0.611,0.278,0.267,0.548,0.551,2731c9e2f1a25bd8bc3eb508d85d22bf,-1.06817650116438,Anaerovoracaceae,[Eubacterium] nodatum group,
6,522,0.647,0.554,0.59,0.602,0.11,0.082,0.458,0.46,b8e69a21a91c80e82e9ebae03af25c4e,-0.274522583435456,Lactobacillaceae,Limosilactobacillus,
6,523,0.237,0.187,0.322,0.255,0.61,0.636,0.271,0.224,3c5811cd3c3d9d774fe4ab88bcaa4121,-0.518723788890511,Rikenellaceae,Rikenellaceae RC9 gut group,
6,524,0.099,0.072,0.527,0.475,0.571,0.588,0.43,0.41,394e85981e36b339794e720936bb18dc,0.937761972216424,Lachnospiraceae,Blautia,
6,525,0.137,0.108,0.699,0.697,0.352,0.334,0.58,0.594,d417dc15280cefc93ecb66ccf4a4c863,0.632510465397606,Lactobacillaceae,Limosilactobacillus,
6,526,0.124,0.093,0.541,0.49,0.588,0.595,0.424,0.408,4c35257df0aadbb9da277e5188b7b2c0,-0.483837902396931,Lachnospiraceae,[Eubacterium] xylanophilum group,
6,527,0.097,0.072,0.807,0.838,0.273,0.225,0.679,0.72,e6f722e31a1a5500f42f00a0214d440a,0.902876085722845,Lachnospiraceae,Coprococcus,eutactus
6,529,0.409,0.338,0.692,0.71,0.234,0.2,0.528,0.538,23700932f86afdf9b4243273a9279273,-0.291965526682245,Lactobacillaceae,HT002,
6,530,0.162,0.125,0.866,0.862,0.219,0.198,0.699,0.715,6f3d8ab57825e4f59884f335de27a329,-5.42891231286179,Lactobacillaceae,Limosilactobacillus,
6,532,0.084,0.061,0.497,0.442,0.561,0.581,0.422,0.397,e0037f35a86e8efaf05aabe92a9f86f6,-0.161143452331323,UCG-010,,
6,533,0.101,0.075,0.204,0.14,0.832,0.851,0.172,0.124,a9ad739441baac34ca629b50ff794425,0.362144845072366,,,
6,534,0.09,0.065,0.383,0.313,0.654,0.681,0.329,0.29,ca945f7d5d9510befdb2fea349536bad,0.292373072085208,,,
6,535,0.505,0.431,0.505,0.494,0.329,0.319,0.384,0.377,f7701f2283c6383f6b78c04b8a11c3dd,1.25173495065864,Butyricicoccaceae,,
6,536,0.229,0.185,0.352,0.284,0.621,0.649,0.286,0.242,312aacc1f4c63ff0cda590371726bb11,0.632510465397606,,,
6,537,0.127,0.096,0.788,0.798,0.338,0.304,0.624,0.65,d68f33e14fc679a9c95d046c4072ee39,-1.09434091603457,Oscillospiraceae,UCG-005,
6,538,0.158,0.123,0.689,0.672,0.282,0.271,0.608,0.611,02b171c1d214ffb94239957acdf06416,0.18771541260447,Oscillospiraceae,Oscillibacter,
6,539,0.141,0.108,0.377,0.318,0.663,0.683,0.31,0.278,5cf9d87b4f59cb0992f12d8dd2fa037c,0.109222167993916,Lachnospiraceae,Blautia,
6,540,0.19,0.151,0.7,0.724,0.341,0.296,0.564,0.599,563571728acb169ca7a02f91aec2abfb,-1.57402185532128,Butyricicoccaceae,UCG-009,
6,541,0.06,0.041,0.559,0.513,0.559,0.566,0.462,0.45,6f9be6b5e43af2e73c94774244d2003c,-0.370458771292799,Lachnospiraceae,Lachnospiraceae ND3007 group,
6,542,0.147,0.112,0.335,0.255,0.752,0.781,0.263,0.213,fc4585759632da2808fe8e5e18203233,0.248765713968234,Ruminococcaceae,Ruminococcus,
6,546,0.093,0.066,0.304,0.229,0.694,0.723,0.269,0.22,fa5e0f4d1354e8828c28c81ddcd7d16e,-0.78908940921575,UCG-010,,
6,548,0.239,0.194,0.88,0.896,0.162,0.117,0.692,0.717,3ae73e27aec15a21721ffe89c962a6a9,-0.850139710579514,Christensenellaceae,Christensenellaceae R-7 group,
6,549,0.075,0.054,0.714,0.71,0.372,0.345,0.603,0.63,ec0d5606b0eb5a8ad1721388122969e0,0.833104312735687,[Eubacterium] coprostanoligenes group,,
6,550,0.436,0.369,0.327,0.287,0.52,0.528,0.258,0.232,61178f58eaba34f1a4dc535f2cb3e816,1.67036558858159,,,
6,552,0.184,0.142,0.263,0.194,0.777,0.8,0.208,0.163,8941a2c5be63bca0861511979304d350,-0.0390428496037955,Atopobiaceae,Olsenella,
6,553,0.096,0.068,0.477,0.428,0.56,0.574,0.412,0.389,026a7201865e340fc468259cc1429fd4,0.353423373448971,Lachnospiraceae,,
6,554,0.061,0.042,0.715,0.745,0.319,0.279,0.642,0.685,2bef4c7ddf7bded2a0c4397f0fb55ae5,-1.74845128778918,Christensenellaceae,Christensenellaceae R-7 group,
6,555,0.108,0.079,0.768,0.789,0.259,0.219,0.673,0.708,9352953940d682a9ce41d940f53df10a,-0.239636696941876,Oscillospiraceae,UCG-005,
6,556,0.057,0.039,0.812,0.841,0.361,0.311,0.649,0.695,26094d761048e8a97c73808400420b49,0.44063808968292,Lachnospiraceae,Blautia,
6,557,0.083,0.059,0.499,0.466,0.448,0.454,0.478,0.465,6f5b84b5c861cf5e206e7a3f9677797b,-0.448952015903352,Christensenellaceae,Christensenellaceae R-7 group,
6,559,0.308,0.256,0.352,0.3,0.546,0.566,0.287,0.258,95e7d9d85d58f9d244534165c6f95b5c,0.327258958578787,Muribaculaceae,,
6,561,0.126,0.102,0.795,0.808,0.218,0.184,0.694,0.725,da8b26f82eb70e299518e149ae85f3d9,2.14132505624491,Butyricicoccaceae,Butyricicoccus,
6,562,0.141,0.108,0.861,0.893,0.292,0.238,0.661,0.702,5bf7943f5b2345fc046c55b8ca6da298,1.04241963169716,Oscillospiraceae,UCG-003,
6,563,0.233,0.19,0.395,0.317,0.585,0.622,0.318,0.271,a0338e7e89f5a06130a73475b06a42d0,0.649953408644395,Lachnospiraceae,Blautia,
6,564,0.185,0.144,0.584,0.55,0.417,0.421,0.488,0.475,036d3305b14a3fde33ecf12bfb18caf5,0.711003710008159,Lachnospiraceae,Coprococcus,
6,566,0.121,0.091,0.293,0.232,0.719,0.74,0.253,0.211,430c92bbefb91f32a4d85f68450b4ee5,1.39127849663295,Erysipelotrichaceae,Erysipelotrichaceae UCG-006,
6,569,0.286,0.237,0.353,0.317,0.585,0.592,0.287,0.264,2958f0b40cf8815a90f35dd634fd4c17,1.93200973728343,Lachnospiraceae,Lachnospiraceae AC2044 group,
6,570,0.103,0.078,0.633,0.61,0.419,0.412,0.539,0.541,f219e7a6ead3858847de465cc0487558,-0.213472282071692,Butyricicoccaceae,Butyricicoccus,
6,571,0.234,0.192,0.694,0.683,0.366,0.349,0.533,0.543,7b2ddec6728e5c519a259162672e3549,0.990090801956793,Selenomonadaceae,Mitsuokella,
6,573,0.238,0.192,0.461,0.41,0.485,0.505,0.386,0.357,70e68dc1e50f519030b5d72da3637f03,0.728446653254949,Lachnospiraceae,Lachnospiraceae FCS020 group,
6,574,0.549,0.458,0.321,0.267,0.525,0.548,0.235,0.2,c76050959ace4e29695a5618a8164007,-0.248358168565271,Butyricicoccaceae,,
6,576,0.079,0.056,0.652,0.643,0.461,0.444,0.534,0.55,38b5cde29e76155f37d9ebdb53534be1,0.571460164033842,Lachnospiraceae,Blautia,
6,577,0.088,0.064,0.348,0.298,0.714,0.729,0.294,0.267,3e1062eb5df400fd6ed70b80ab17e14a,-0.31812994155243,,,
6,578,0.342,0.284,0.602,0.605,0.331,0.308,0.476,0.485,6adf5c5541294b15535f573da611d360,0.0394503950067579,Lachnospiraceae,[Ruminococcus] gauvreauii group,
6,579,0.213,0.166,0.409,0.346,0.566,0.589,0.341,0.3,7cb2b04f5aab6c1df6d7a18f54eab679,0.981369330333399,Lachnospiraceae,Coprococcus,catus
6,580,0.061,0.042,0.566,0.539,0.531,0.533,0.479,0.478,37a9dc68554be140a5c343e8ec15c8b9,-0.588495561877669,Ruminococcaceae,,
6,585,0.266,0.215,0.241,0.166,0.745,0.767,0.188,0.138,6eabdaa193a8accbe05077f0c8737d14,-0.108814622590954,Lachnospiraceae,Lachnospiraceae ND3007 group,
6,587,0.184,0.151,0.721,0.73,0.287,0.261,0.604,0.623,d347cad164508355e12daadf9ccea765,1.74885883319214,,,
6,588,0.724,0.609,0.292,0.258,0.311,0.321,0.233,0.203,a2768ff85806aadce874cc4d4f913a42,-0.762924994345566,Clostridiaceae,Clostridium sensu stricto 1,
6,589,0.197,0.157,0.406,0.344,0.582,0.604,0.336,0.303,15e9eaa9f149528f13e12e8903d69098,0.815661369488897,Lachnospiraceae,[Ruminococcus] gauvreauii group,
6,591,0.088,0.063,0.453,0.375,0.63,0.663,0.374,0.333,73c53f55658bf67e500a44d651c95203,0.554017220787052,Butyricicoccaceae,,
6,592,0.097,0.071,0.277,0.187,0.779,0.813,0.231,0.167,15b76d50e6a2121bc803a46b5bc42b14,0.152829526110891,Oscillospiraceae,UCG-005,
6,593,0.188,0.148,0.389,0.35,0.52,0.526,0.352,0.33,7d66f6c0ba5b1129442173bf2bd417dc,-0.466394959150142,,,
6,594,0.63,0.535,0.377,0.346,0.354,0.36,0.285,0.263,db373d751ae2a85f434b3682f428adcf,0.161550997734285,UCG-010,,
6,596,0.131,0.099,0.497,0.451,0.49,0.501,0.436,0.414,9ee236147e5e417153684eee89da598b,-0.579774090254275,Oscillospiraceae,UCG-005,
6,597,0.208,0.162,0.474,0.433,0.459,0.468,0.413,0.393,7628d55a4c3393e9ccf9f499a6cb2057,0.0568933382535475,Monoglobaceae,Monoglobus,
6,598,0.163,0.127,0.694,0.691,0.402,0.376,0.543,0.564,417b0f3e508358fd781eee9ff9f97c9f,0.833104312735687,Lachnospiraceae,Roseburia,
6,599,0.071,0.05,0.176,0.122,0.933,0.94,0.145,0.105,7885602627a01286d925569e6e8384e9,0.397030731565946,Lachnospiraceae,Coprococcus,catus
6,602,0.059,0.04,0.624,0.59,0.428,0.429,0.554,0.547,7514abfec9140d6dd0207373881e0882,0.0481718666301527,Oscillospiraceae,Colidextribacter,
6,603,0.462,0.396,0.554,0.568,0.209,0.182,0.466,0.472,4763a77ecfb6b15290b852421bcf848f,-0.222193753695087,Peptostreptococcaceae,Terrisporobacter,
6,604,0.177,0.143,0.53,0.508,0.382,0.378,0.483,0.474,49daf2d3f236ab6107e2fdf39234427b,1.58315087234764,Ruminococcaceae,,
6,606,0.152,0.119,0.384,0.329,0.641,0.662,0.317,0.288,485a0d9c85cedb120f4d931eb2932396,1.05986257494395,Selenomonadaceae,,
6,607,0.079,0.056,0.702,0.675,0.532,0.528,0.519,0.528,31c7bc067538dcf7916e8b7cbefa44e5,-0.30068699830564,Lachnospiraceae,Anaerostipes,hadrus
6,609,0.109,0.079,0.488,0.419,0.641,0.664,0.383,0.352,2ee585c245a593473acb21bdf1d7a460,0.0743362815003372,Lachnospiraceae,Anaerostipes,hadrus
